500
3
897125 2092132 3730135
1
3765970
10
21006 584542 1436303 3912241 5692356 6619780 6958899 8079985 8883336 9153154
1
2051667
6
402369 759161 3779575 8639751 9020239 9049108
5
3301791 3496437 4225219 6336661 8681716
7
471161 762087 2198389 5861161 6457498 8833702 9578840
8
100560 487673 954279 1217225 1334520 6978302 7042039 9962924
6
1433269 4120054 5070947 5998540 7154642 7729195
5
4501143 5528650 6675638 8619911 9938196
3
76414 715102 8111796
5
3033760 3063926 3588623 6576263 8588795
5
443519 2422930 2592150 6062780 9806019
2
3041081 7091508
2
2162454 9039620
9
107458 1350170 3089963 3431252 7902603 8710613 8737054 8798859 9873317
10
588418 1426584 1554608 2714791 5449634 5595656 7006861 7823292 8994102 9681032
6
340956 2360414 3886072 6927152 9437621 9948815
8
3426478 3834436 4627620 4679883 7612690 8483124 9440750 9710088
7
898377 1043942 3069326 4553199 4841312 5141617 7619693
8
53791 393434 394557 1848172 4623933 5572007 6134387 9960179
5
448772 3200678 3251864 3723009 9681599
4
3771126 4432571 6032386 7828297
6
2045261 3004207 5021342 5605554 5919718 8451008
6
662175 3277381 3434855 7641905 8001174 8810923
6
118435 512991 964750 5244254 7657599 9569241
4
622723 1483614 2820673 9481883
7
638668 2048664 3597656 4326194 5200280 8853059 9826531
5
3322185 7569222 7783605 8231396 9063782
7
1219241 1337676 3825910 5911503 6232569 6803885 7874704
6
4367018 5529239 6085453 6708175 7012853 8131872
6
898258 3218949 3554292 6373968 9528848 9956637
1
1574247
7
965630 3919923 5688528 6476564 7088337 7388293 7412783
7
1989080 2274065 2668844 4701222 6605031 8177177 8555249
7
319655 1915010 2690483 3570490 3700595 3960209 9848859
10
2203956 2599268 3535709 3657231 4474479 4858466 5977860 7847181 8565078 9727875
1
2454424
3
3074230 5157178 6805690
3
7499218 8847052 9662609
10
1226092 4073105 4285670 4453025 5186300 5238401 7137890 7289032 7856159 9311083
8
2561117 4255816 5160384 7821742 8277957 9712880 9880691 9974562
2
1989291 9226591
5
1519314 6032281 6047850 7579872 7871675
3
5184802 8151299 9235078
7
2578220 3893257 4495884 5440330 5940978 7966361 8238327
2
8213048 8502094
1
8187609
9
840159 1277992 4322565 4915856 5095975 5628681 6059519 8048810 8525703
7
1435399 2797306 4646878 5251784 6016707 6495580 6620200
2
87208 3632435
8
328090 1870761 3877898 5181779 5514750 5664851 8076953 8830183
9
539768 852002 1817760 4013085 4150042 5623913 6101233 7525363 8917111
5
191300 828133 3626996 6239550 7131417
9
877432 2960285 3248490 6059210 6811499 7347397 7583640 8273873 9885150
6
2167264 4090312 4224597 6547382 9022020 9642739
4
2364861 2648615 2904629 7613811
8
982164 4126434 4370156 4954567 7221713 7238740 7413013 7997151
7
2181159 5952336 6052327 6740863 8787375 9564896 9701148
8
1459907 4847031 5326135 6262401 7014294 7240382 8200855 9300816
8
491101 565716 709083 2322460 3470344 6448894 8228830 9210993
7
3919812 5592740 5619284 6362069 6896466 7595590 9986998
5
4508012 7401678 7836783 9077624 9834344
9
3779650 4212020 4681374 4827039 5937164 5985940 7158411 7785085 9068007
10
94337 1215916 1994617 2266860 2538350 3055868 3359373 5763784 8074806 9109561
4
881281 4497966 5470003 8229972
4
2309600 2475257 5984783 9978014
4
1596709 5659546 9120981 9507325
4
5376358 6691278 7623272 8546382
9
117728 1273019 1745979 1864177 3385486 3858793 4118601 7509762 8901812
6
873111 958387 6343113 7370301 8251581 9541492
7
3702171 5060113 5552788 7657021 8042626 8837478 9294353
1
1295808
4
2358542 3191588 6125253 7871398
4
1660769 7871231 7895306 7897344
5
529385 1282829 3257800 8653129 9900089
9
147898 6732538 6833006 8217038 8470140 8643513 8790381 9421062 9632663
9
866759 1964202 3497093 4058347 4446096 5793502 7089309 7371841 7937865
6
1368324 1369353 1898737 6106864 9265667 9631808
8
2048249 2821447 3195805 3655389 4234328 4405425 4970462 5156536
9
28810 330177 3080338 3440601 3947097 4536676 4600465 5054682 9935837
2
521795 4416391
6
1590308 3591106 4967890 7890438 9259790 9808289
5
1158526 1405834 7171507 7787513 8831413
2
3236837 5061223
3
3897213 4052725 6432641
2
8433888 8653190
2
3707871 8764064
10
1216252 1560327 4076086 5151432 5299220 5632642 6039431 7090709 8650744 9415350
9
693515 890697 1803520 2193274 3558697 4615700 7805509 8678209 8974097
4
2507689 4001843 6090486 6468369
3
5121558 5804788 8576334
10
1209464 1535284 2130625 2512875 5170033 5434820 6206710 7767036 9537392 9603583
5
5057292 5750806 6325516 7520076 7999132
2
366506 1839948
9
723959 905571 1166617 1998256 4255591 5076131 5690989 6903729 8361868
9
335589 618977 1235904 2223999 2445367 3549520 4128880 4736873 6856808
1
6053796
4
1716540 1985885 3449383 4895663
10
1027628 2823228 3358496 4122997 4267938 4599397 6772037 7219268 7544919 9675528
4
5146158 5577964 7370156 9543175
4
2879739 4623381 6523995 9127483
10
608780 1828210 2388630 2587256 5540869 5713118 6330446 7142971 7841457 8354364
4
1894883 4829258 6372941 9703004
5
495937 2641174 5253378 6819214 8040856
3
100382 190191 2397177
5
296429 1326462 4041012 4813571 6920750
1
4762206
1
5668868
6
2920861 4334868 4585807 4590886 8793999 9689414
7
53713 963827 1680477 2694886 3803652 3976115 9057029
2
2998569 5876242
3
789771 922490 3188759
2
518681 1218918
1
1845142
1
9030088
4
670239 1876240 5178742 8136855
6
4868155 6776924 7521458 8164953 9128779 9201934
5
154567 2153955 4466883 5621246 9255646
7
3170561 6167100 6205593 7304622 7465451 8227111 8819967
10
434982 1175991 5653400 6338763 7529640 7601924 8050734 8199878 8643670 9465069
8
500193 986074 3597119 6607319 7439620 8237687 9211617 9340943
3
3678499 6297621 9278237
10
2425747 3036455 3603540 3801038 4236019 4809968 6582858 6772348 6830862 7633939
8
1102324 1425653 2471738 3187967 3819363 4763561 4825593 4995353
7
593240 1381624 1439255 5325785 6962390 7190327 7838720
9
315707 2823484 3638238 4762901 6004300 6240627 7439276 7633452 7932040
9
1675294 1712095 3715511 4335987 6435599 7334186 7523953 7892733 9347897
9
1914 1441168 1465958 2159778 2847581 3393907 3440821 6076446 6431517
7
228911 790383 2458016 5440202 7152146 8160950 9634533
9
314036 746010 939721 1394218 2421304 5730204 7224211 8272261 9529969
3
3766281 5770508 8273907
6
84046 2951950 6909469 7236465 8790595 9842726
8
242164 573667 1032547 2184501 4335385 6947429 8786480 9309752
2
1917571 4294908
2
3963891 6716211
4
1088311 5358108 6372877 9546599
3
371713 6858819 7163135
10
1521385 2490940 2730791 5580958 5581471 6222237 6556080 6611635 7769601 9212032
1
5823122
8
923842 2899490 3666927 4100083 4301294 8265185 9372020 9867372
9
1567872 1939584 2446088 3069249 3182418 3623292 5906115 6603125 7227955
9
196391 2426791 3771180 4670374 4930346 6752471 8708110 8763889 9352137
8
312606 388042 730556 2772330 3696171 4547277 4689335 5175258
1
3630045
4
1610515 8268310 8592484 8838469
5
1337558 2099938 3689055 4519975 7957945
4
511125 2087746 5800215 6115845
8
1647844 3386091 3956235 5962140 6195121 6350181 7957823 8097410
4
2427571 3555868 9026738 9442028
2
637252 4789766
5
1992072 2466368 3058075 4341261 4395632
8
1271690 1431958 1836270 4787619 6132558 6155423 8244213 9748525
2
4229967 5792504
1
7440348
10
1182270 2247375 4058184 4674945 6151820 6640788 7614051 8110199 9464710 9794392
6
2522784 4302815 6769183 8661985 9434767 9704436
6
228575 694239 3131600 5440957 7484222 9422550
3
3107451 5793077 9923750
2
5749776 5756212
5
1820337 2528145 2678530 4417947 8003586
7
1589941 3288220 3810728 4659591 6226766 7591034 9698726
2
2472713 6876568
8
1423583 2317524 2546099 4411614 5105852 5648740 7545953 8164519
9
287245 3720679 4125891 4531033 5177704 6654035 8290830 9383991 9707944
2
4698155 5397153
2
6987093 7986374
8
198498 797821 4526790 4970327 5786885 7287851 8093760 9493871
9
821267 856400 2350301 3060708 3773883 4522512 4814568 5366653 7820701
1
4961050
4
335140 1915693 7917756 8681729
5
2719385 5732292 6398961 8579409 8939788
10
4133900 4336793 4872342 5476800 6033557 7051642 8168108 8433659 9267248 9463046
10
424134 1245401 2755346 3394290 4870263 5809807 6355427 7075395 8332405 9302307
7
2904121 3142826 5799471 7220062 7410535 8378562 9303081
8
833255 1166068 3781614 5689268 5775198 6312152 6928470 7558797
7
2263165 3391386 3493645 4209049 4633182 8221948 8394934
2
3265197 8173806
10
619739 835264 1730178 2303917 4399999 5083855 5096918 5176087 5249201 9676446
8
712150 4956613 6080968 7247035 8306219 8658647 9003699 9078848
3
5804248 6528167 7521651
9
474972 1348715 2065475 2214117 2301167 2538163 7130263 8240524 9396916
10
3416610 3755188 4251874 5982051 6838838 6983689 7034385 7157049 7654123 8045823
10
1980750 2936232 3386834 3890176 4630013 5504088 5542090 5987388 6340614 7582587
2
7689328 7843256
10
2491713 2755926 6584443 7335942 8318228 8497654 9075103 9259938 9550059 9594763
8
1443881 2061753 2849990 4800740 4915388 5866302 7758340 8837377
6
3354495 4839500 4997984 6978733 8896585 8936315
4
446175 1385793 4013996 9256192
1
8721735
9
788145 1657586 1699754 3433875 3810868 6643856 7372587 9165874 9677169
4
2527158 3960947 5404827 8623953
7
685705 2817201 3255234 5178772 5683688 7656701 9126081
5
1353166 2738958 9192768 9638942 9795208
9
1099122 3225789 3977044 4654127 4765188 5315227 6659663 9051852 9126094
2
7851876 8803262
1
3846772
10
3056696 3061210 3180107 3234262 7727658 7877924 8077773 8616789 8951693 9677885
7
2249463 4404756 5503878 6336132 8297974 8411996 9842737
5
819104 2461550 3091965 3617672 8271798
7
119854 1264811 2086131 5557870 7627934 9112034 9861411
3
933153 1306270 7025914
3
2240888 5103686 6683766
6
1271193 1411458 2946795 3630281 4648821 7006702
4
250790 2812971 6100435 6915335
6
2712339 4372232 6493502 8172914 8292768 8974715
7
1227422 1993378 4121435 5442882 6452611 9426698 9921153
4
309473 2126647 4072648 5168854
1
2175555
6
421440 2060823 3018698 3587012 4543587 5750762
1
5785840
9
1014530 2344963 2892499 3154082 4145818 5591586 7508031 7532605 9023671
7
1288159 6614780 6819007 7877159 8655547 8741426 9746972
5
5661276 7171969 8186631 9232791 9607732
5
1246145 6292729 6866181 8599067 9453102
4
562865 1038229 5899543 6985706
8
587248 1418226 1569976 4733065 5904963 6253774 6496919 7161561
3
2519742 5419091 6243891
9
949487 1511245 2698630 2898767 3676067 4299701 5800150 6122073 8991358
9
1735422 2281299 2305724 3319528 5384940 5972187 6472243 7946516 8444459
10
406821 1996581 2137968 2983310 3221603 4162658 6660594 6718878 8240471 9126565
7
233039 776393 1406015 4104644 4260635 4432889 5076093
1
5612354
5
2003328 4056812 4356450 5288862 8608389
9
578095 991922 1398742 2860162 4181573 5713576 8059336 8681911 8935178
3
4778213 6934975 7257104
3
2725277 3884215 5197280
7
317721 808931 894239 1352995 2944965 5740642 6633605
2
5409807 7301414
2
9559155 9929486
6
921407 2320149 3797308 5272730 6724259 7978880
6
6124710 6673384 7075809 7674048 9622932 9818705
10
8925 53120 1002722 2348208 2665928 3909086 5514436 5991211 9158881 9649728
4
2815850 4344238 8858365 8928880
6
164085 2296124 3256942 4616272 9404695 9459635
4
28459 218858 2941909 9223400
8
750775 1088647 1591895 4706349 4997733 9066619 9841790 9888629
2
803894 8396191
5
3001544 4166883 8834682 9611765 9862133
1
9058238
7
415227 1143368 2578709 2960037 3282604 8847234 9222322
7
855760 1789142 2447654 3178895 5537036 6665974 7754621
4
2432516 2648364 3198429 5268705
4
1044554 5353355 5631752 6562450
8
841409 1094826 2833499 4545304 5746349 6424582 8746349 9520237
3
436919 3976867 9688642
3
1009607 1477783 3615813
3
1280579 7297548 9152848
4
495976 1498150 4560947 6549283
2
7129901 8121853
6
3625235 4684302 6152469 6920945 7406121 8015770
5
849269 2729343 3207358 3214124 4826135
6
1686119 2695725 3644277 3778365 8928471 9776441
1
3976303
2
3041937 3358224
10
435522 1073726 1592459 1899614 3619241 4186339 4540086 5758027 7940892 8503596
9
1838634 3787548 3967578 5359740 5991754 8473014 9033243 9181120 9199112
8
55617 266676 2456395 3562963 5136180 5412400 6581820 9190764
6
2670343 2891917 4354915 6481994 6856681 7974155
2
965491 4756373
6
2251227 2279344 2959885 3743121 6655986 7924359
7
1450338 1460463 2327700 3889456 4462608 6810077 8477057
4
978983 1044428 3080220 3346895
2
218161 6592888
10
147456 2118105 5391084 8192315 8377578 8636263 9154113 9263230 9319793 9702768
3
628804 1874166 2279677
4
1405569 2079141 3334628 5266212
10
81027 615484 833644 4752238 5446129 5868176 6585693 6673914 9155667 9428955
8
1245078 1542310 1724214 2262653 2915542 4926460 8453496 9606110
4
2510365 2618143 3246946 9042281
2
5831436 7842438
10
32585 113612 930541 1097647 2769665 7061488 7521903 7632534 8137386 9248006
6
273724 3029691 4158190 8971030 9303877 9379186
3
1601002 4120399 4274768
2
6738541 8363605
6
344276 1869768 5753672 7405885 9117907 9985487
8
2137335 5316660 5349245 5462856 6802654 9592282 9659237 9741167
4
1205807 1800355 1826622 7283084
8
1327826 4073390 4830046 7436640 7844954 7880348 9104813 9481349
3
3313769 3544851 7767190
10
2747485 2888531 3520862 4881889 5025865 5507843 5766677 6174396 7201453 9565229
9
375628 772327 5493423 5566582 6653470 6661178 7514427 8210340 9314781
4
253676 8282343 9592963 9610168
1
2921245
1
898522
5
850480 2932060 4925761 6935735 9824266
9
330300 1232984 3077784 3804475 4567935 4598713 5229653 7366482 8576184
10
1373365 1410310 2900404 3091023 3499884 4180337 5009719 6429845 7380831 8121632
7
21733 447315 1715032 5145925 8210191 9157144 9171254
5
2365932 4853024 5800444 6115267 7486542
10
1089592 1937310 2437454 3075437 4691450 5199054 5482218 6910486 7013303 9052374
7
300626 2327241 4979308 5977752 7336959 8479192 8666083
5
188530 1172800 1850218 2015657 4187942
4
3975469 6055083 6706135 9336760
10
212169 1159796 1815605 2041945 2615108 3085454 4891041 7886400 8210738 9378151
10
559222 724914 2925625 4222496 4369186 4523121 5275180 6536973 6795989 9376787
9
1289179 1315715 2744280 3650728 4428242 5091483 5630506 6002416 7780999
1
7326875
6
55395 1269204 4603563 6400663 7196170 8266133
8
82814 3592894 3980349 4539570 4670334 5328145 6878802 9550640
3
112310 5645241 6834159
5
905873 1925642 2221587 8870235 9548345
3
2520963 5513093 8224002
9
2419584 3202068 3284881 3317089 3604567 7920651 8215663 9174622 9298648
1
4502766
4
1473273 4053405 5066166 9866719
9
1900325 1932568 2696200 3825966 5270186 5721842 8805110 9710982 9979028
1
7733514
9
97703 3145325 3175987 4960325 5033638 6277487 7515225 8235705 9594575
8
988365 1520585 1932576 3405848 5939481 6583689 6716970 9369725
10
71095 131792 2888689 4443558 4580711 4800910 7703327 7904459 9079068 9231006
3
848652 4791125 7253631
7
1501314 3157268 3851921 5642044 5808976 8060466 9824762
2
5737997 7606195
4
430764 1677477 3528394 4516759
6
1197636 3845779 6827092 9152805 9509831 9921799
7
806136 4601513 5680119 6112714 7966516 8113613 8426489
8
454726 1031544 1645076 3043250 3775491 5276804 5645297 7369631
5
1576901 6694190 6976020 7383072 9923135
8
2353726 3649099 5318255 5674595 6067714 6260057 9432966 9913492
8
350715 758975 780390 2237103 2792460 4534466 6536451 8339981
1
8150020
1
1836984
2
3972697 7482280
8
319098 3569607 3872120 5449020 6897786 6974652 7296907 8847103
5
5814458 6264259 6386811 7623512 8816654
8
1882244 2448680 5315747 6209437 6989826 7156634 8606917 8933061
9
757588 1260681 1365819 1621849 2989505 2990874 7656198 7749729 9964156
4
4140452 9378294 9587220 9906317
8
881611 6383418 6594995 6696069 7299118 7602808 7626133 8809479
7
1150992 1560027 2217932 3014732 6024906 6875773 8029663
1
4928025
6
2677753 4010040 6490548 6815953 7069451 7827038
3
1327387 8385193 8919525
1
1643292
4
151672 294156 2524903 5313612
3
2073011 4424958 7593273
4
3618179 4290943 5377108 9149262
6
596767 3406770 4438696 4852894 5402662 6943657
9
780053 862140 2265733 2476948 2505431 7412719 7674436 8848595 9452667
7
342459 636614 746238 1800359 1965167 7540210 7546685
10
466503 680664 1155301 1226740 3399274 4283084 6030029 6557963 6880768 8359962
9
2072720 2620053 2852772 3068578 5932394 7083799 7154729 7213140 9690087
1
5574009
10
364841 2600304 3827125 5135931 5637045 7245609 7437404 8981991 9617450 9618604
10
960265 1707615 5243348 5791989 6199579 6924834 7253754 8179440 8986440 9545583
6
2457378 4008633 5889666 6754707 8958243 9607478
10
78900 2213855 2578695 2639403 2685648 4472931 4855482 7048603 7203200 8982879
4
648996 2340655 6007018 8033499
7
881396 979216 1440211 1902192 2356610 4779637 5793198
9
2665914 3338885 3477018 4890028 5392078 5462715 6868881 8343475 9863757
9
594077 1583911 3381170 4510678 4732709 5749831 7521395 8238176 8286123
6
1243780 2133761 7442534 7926959 8882744 8887171
7
2246502 2280492 5585387 5587394 5662324 6202162 9686871
8
1616266 1839298 2433374 3564453 3930869 5543997 6268112 8746718
8
699556 3295141 4038085 5432264 5799909 6171989 7395404 9529164
5
3614522 5013618 5195421 6685387 9972474
10
3913934 4591955 5212301 5948548 6980979 7110563 7294109 8776753 9047958 9501328
5
1143311 2737570 6307934 7523470 8724572
5
3497656 6943220 6998477 8869388 9603074
8
488709 1218570 1532818 3688601 5624648 6728238 8939262 9043993
8
115624 1124750 2659851 3158524 5327924 6621029 8010009 9574318
4
1428946 4144498 4166515 5407195
3
119991 2571857 6550506
7
963345 1505730 2086685 2752057 3647029 9063457 9507732
7
3970627 4424436 4999656 6587993 7582959 9593053 9708676
6
1782957 2759161 3883910 4173980 5100334 7552952
5
1287260 1995721 8318477 8773361 9706504
1
6375468
9
287216 469657 978504 2321731 4625533 5201248 6137792 9323872 9391560
5
1209640 4329125 4472642 6746166 8984613
8
1914651 2936570 3771399 3834105 6004899 7615343 8762591 9604637
6
210654 461888 2910866 3950477 5829826 7575010
10
1729652 2050877 2070864 2338093 3655112 4259921 4317279 4392594 7303287 7445332
6
105224 500588 1248915 3202846 3763924 4440256
6
2427166 2460579 5810268 6110122 8655768 9947774
4
2175 1268643 5374991 6469003
7
152873 384674 3914334 4521591 4701953 5007317 8501550
3
6736969 8781512 9065606
6
2546778 2643389 6310701 6924191 9566193 9671417
8
758468 997062 1565223 3815508 6242673 8297890 8532937 8761199
3
5230201 5350218 6990401
1
9144534
5
162435 2953195 3056578 4666942 7474786
2
4638535 8772649
7
146478 352795 1319426 4204728 5844740 6392496 8488128
5
1062659 2303635 7965205 8885731 9882793
7
3131887 4880644 5761597 6714942 7570409 8771197 9823857
1
6085081
9
2604514 2928972 3559866 3809919 4848866 4966658 6168291 6524775 9605192
1
6314768
4
4598176 7409151 9183914 9778190
7
2301777 2985141 4272689 5374355 5484690 5660834 7421133
8
34285 111313 576371 1680119 2286391 4035095 7950015 7971857
8
1128469 2546468 2578238 3836530 4960178 8768320 9617497 9959588
4
1659854 2706154 3614719 8212894
10
596860 786134 1874768 2020030 2836120 4570666 6390079 7446217 7747342 8017992
10
315560 2409070 4821229 5058874 5608558 6445430 6893229 7448893 7769093 8151596
10
189683 283160 1012406 2435532 3104185 6013478 6668442 7284821 9471466 9990974
4
1122177 1793604 2699225 4719254
8
1756172 2500388 2966913 4005131 4348792 4598362 7260782 9289919
6
269480 1091822 3026565 3101391 6972675 7985050
7
1556394 1746076 2569344 6098101 7257688 9765013 9769832
9
2869198 2982373 3500584 5294187 5922706 6507726 6632788 7050359 9397183
6
2787849 3571841 4437824 7804588 9055105 9874219
6
590419 621194 648327 1410499 6208162 6953415
5
160245 1026160 1063688 2772235 7878881
8
532866 989262 1986545 3029442 3178724 3900079 5035892 9537167
10
2080711 4127813 4276123 4623791 5187481 5699269 5846195 7669616 7795397 8971923
1
9010873
2
5504055 9632066
7
27298 187543 1818800 3148166 3470026 3805344 6530214
6
221774 306394 754639 5270503 6326889 7316150
2
618142 2242913
6
215554 804109 1116098 5427900 6519036 8578100
8
215572 1998947 2621910 3978540 7588973 8529160 9737390 9764688
5
1756452 2468582 2864312 6669655 8201917
2
5988771 9407781
4
162419 820667 2405332 8811516
8
233766 1376745 1440719 5073168 5336952 6646957 8068857 8178017
9
581677 1287061 2822512 4108668 6671855 6730577 6752281 7717366 9006022
2
7095315 9767684
1
7695007
4
462681 1854234 8127200 9274197
8
732987 1453971 2148340 4870025 5806154 6775917 6801169 8703854
3
3301965 6821248 7182899
6
2307987 3361006 3595047 3726819 6009454 8022143
8
800698 1311229 2972672 3184030 4340951 7319983 9108883 9867041
1
6594179
8
1947200 2092966 2680186 3933046 7814384 8486340 9268355 9479343
7
754293 1847344 1993507 2532001 4155330 6763746 8185590
6
266728 1382030 1456997 2348115 2650120 8409358
10
1235967 1892528 3421583 3685437 4311053 4566059 4774046 7428977 8294755 8393640
3
3020673 3059052 7774097
8
224362 3760993 4838499 5754500 6319475 6988107 8166818 8286500
4
271698 5105227 6695858 7375841
7
3552211 3553936 5160297 6123235 6606524 8832837 9779120
6
2533802 3780424 5444738 6801096 8050479 9755725
5
3754813 3979174 4660401 5592854 9353846
9
2607054 3483632 5287295 5887198 5911197 7624697 7665717 8075345 8511358
2
7236386 7854464
8
785868 1671248 1915524 3359620 4460987 7005444 7389271 9428182
8
353653 579004 3858128 5239404 7586963 8032278 9902475 9923073
2
3837285 7527172
1
3438368
4
3268543 4127681 6045421 6052337
2
504928 1982144
1
6380900
2
4556526 8325433
6
982202 4337755 5637776 5714704 6750793 8744125
5
712234 1065887 6088879 6186405 6800609
2
3616050 7419523
4
2284516 4200961 5616189 7054417
8
844993 4302970 4576780 5343489 7379252 7471588 7503903 8574337
1
2784247
5
1511724 4303106 6389146 9535039 9665851
1
5852255
9
387654 713476 1941133 2564852 2664919 7644303 8073535 8103139 8167265
8
3156095 3176349 3260492 6135620 7019339 8275780 8457063 9547752
2
5332711 7753129
8
1074033 1241448 1542988 4179724 5377138 7395242 7790579 9360786
4
1852727 4481071 6422718 8987570
3
86915 2217397 2584209
3
3347406 3945277 9648184
5
2196201 3028719 3493028 6575935 9019853
6
238567 877781 1023361 5576993 7786415 9949329
9
158298 551592 1693148 1781554 2273068 6062226 6070522 8084937 9097368
8
2466868 2569291 2818685 3135800 4455510 5423534 8591752 8624014
2
4515820 8578670
4
4123740 5001521 6563047 8137243
2
1676955 7756439
4
593805 752103 2054344 2199522
3
786395 2326068 9849470
6
450758 3347257 4455361 5614151 5785794 6990137
1
1427222
3
1794814 4902583 6192546
6
1620873 3744090 5606848 5952778 7271412 8434906
5
3709216 4063679 8279911 8531201 8779552
3
1649124 4543754 9565946
3
2733430 3420283 4616233
9
402026 1132363 1171038 3551879 6034945 8540921 9240713 9705142 9879936
1
4158144
4
1996937 7859712 7902234 7939561
10
335960 1407668 4165128 4370830 4961390 6170485 7356518 8576967 9438815 9505143
7
1557960 1810436 3269515 4141097 4952193 6362590 7870570
2
1437895 3567500
8
204391 2026195 2078425 2402258 4138865 6915546 8106624 9635730
5
833435 5365381 5492512 6237646 8759904
1
5742788
5
3807903 7150455 7324774 7663291 9856230
6
181795 1343444 2686844 5259593 7711696 9269655
1
6228042
4
168704 5118038 6432433 7766447
8
989070 2974846 3518013 5093113 6867799 7226715 9600602 9712815
9
1476916 3797119 5152661 5442331 5485855 6085424 7779040 8760650 8891488
69
38890 448740 573595 702686 740076 779497 784075 832224 1209710 1375479 1558098 1916944 1959789 2030001 2177722 2676091 2734149 2822806 3089289 3217087 3417073 3474437 3999467 4072645 4108086 4151080 4345554 4365435 4466137 4512653 4553036 4864167 5098394 5128503 5181158 5191550 5224588 5361536 5378576 5494523 5583125 5589056 6239645 6337252 6373130 6573471 6668465 6733615 7045446 7092967 7137065 7184376 7326321 7491522 7541706 7653635 7694129 7740998 8029007 8750951 8807025 8984944 8990048 9094139 9258526 9439556 9522379 9669243 9738828
35
183536 324288 674675 884733 1184006 1187414 1772758 1979161 2159108 2240645 3443066 3629230 3903341 4264181 4356294 4426240 4749124 5217647 6637645 6702660 7203422 7377777 7391331 7449388 7461353 7748163 7839871 8169902 8349931 8542557 8976179 9087915 9195935 9433503 9717829
103
64085 191496 353461 398387 548211 563963 589882 711458 934453 1109357 1166057 1173954 1342512 1456125 1618898 1696344 1855818 1858292 1920154 1922629 1942612 2147798 2279146 2377547 2419244 2434173 2435663 2465591 2499747 2618636 2629946 2772720 2882114 2894460 2913488 2977460 3215052 3526442 3825566 3827655 4162262 4330202 4332270 4470960 4583480 4618174 4807217 5170187 5248581 5354235 5483780 5599684 5602235 6006056 6119601 6182978 6292323 6510583 6570627 6576079 6588354 6595896 6600374 6612558 6793888 6902657 7001369 7004334 7032075 7115413 7176520 7192659 7250483 7880821 7954486 7956994 8064216 8117047 8143040 8144616 8443739 8457493 8548342 8600867 8723877 8801161 8945664 8975968 9010228 9030069 9107444 9159503 9504365 9532104 9692406 9822677 9840959 9844973 9901537 9934504 9958330 9974731 9997526
52
648353 717117 725540 826203 832229 953071 990491 2007408 2008215 2111216 2408518 2902702 3489018 3701941 3891169 3893638 4100632 4533535 4829460 4846709 4854436 5218788 5314706 5832581 5844261 5944327 6053276 6143208 6151390 6467178 6782725 6860324 7320543 7344274 7750811 7755791 7757614 7786554 7821287 7855728 7925929 7967599 7994164 8010584 8461793 8537138 8777045 9093322 9369879 9538833 9661652 9707310
63
19470 30153 292907 544176 1018955 1075684 1095301 1174816 1366617 1597193 1601704 1633348 1722226 2050453 2073446 2361824 2366342 2713969 2825462 2923814 3069408 3090681 3328808 3376530 3577453 3578441 3708880 3772679 4219396 4286583 4600200 4800409 5249791 5461964 5489718 5506911 5754655 5824001 5856897 5916609 6246792 6426002 6566209 6799560 6902806 6926033 7013856 7073514 7099814 7366420 7460422 7528596 7800738 7860582 7906026 8116478 8493837 8686784 9101371 9233427 9536363 9552354 9669582

